1 0.00314897
2 0.0035395
3 0.00372086
4 0.00381844
5 0.00390259
6 0.00393692
7 0.00396017
8 0.00397544
9 0.00399947
10 0.00401908
11 0.00405613
12 0.00403405
13 0.0040724
14 0.00405735
15 0.00404511
16 0.00405846
17 0.00408202
18 0.00406317
19 0.00411356
20 0.00410073
21 0.00408075
22 0.00410434
23 0.00412882
24 0.00408255
25 0.00411608
26 0.00415509
27 0.00409248
28 0.00410164
29 0.0040862
30 0.00411459
31 0.00412658
32 0.0041683
33 0.00417104
34 0.00410909
35 0.00415416
36 0.00410919
37 0.00412592
38 0.00417501
39 0.00414601
40 0.00418328
41 0.0041204
42 0.00412985
43 0.00415804
44 0.00408137
45 0.00411844
46 0.0040858
47 0.00410862
48 0.00410251
49 0.00410181
50 0.00413884
51 0.00412932
52 0.00418118
53 0.00413067
54 0.00408528
55 0.00409632
56 0.00413897
57 0.00410779
58 0.00414375
59 0.00413899
60 0.00416876
61 0.00414968
62 0.0040795
63 0.00411131
64 0.00418073
65 0.00404035
66 0.00407179
67 0.00411143
68 0.00409136
69 0.00413213
70 0.0042142
71 0.00402923
72 0.00396451
73 0.00413103
74 0.0040932
75 0.00398827
76 0.00407965
77 0.00412573
78 0.00413485
79 0.00412896
80 0.00419067
81 0.00409964
82 0.0040944
83 0.00407272
84 0.00408235
85 0.00408596
86 0.00407826
87 0.0040489
88 0.00404657
89 0.00418174
90 0.004122
91 0.00413601
92 0.00407885
93 0.00414735
94 0.00408681
95 0.00420503
96 0.0041144
97 0.0040585
98 0.00414258
99 0.00419028
100 0.00418813
101 0.00409317
102 0.00413954
103 0.00412338
104 0.00421574
105 0.00405462
106 0.00411421
107 0.00420903
108 0.0040118
109 0.00417381
110 0.00419714
111 0.00409735
112 0.00406682
113 0.00417796
114 0.0040335
115 0.0040779
116 0.00413691
117 0.00413093
118 0.00411419
119 0.00404603
120 0.00416945
121 0.00414076
122 0.00415258
123 0.00415762
124 0.0041489
125 0.00409789
126 0.00412591
127 0.00408885
128 0.00424061
129 0.0040806
130 0.00407425
131 0.0041634
132 0.00400314
133 0.00410865
134 0.00412949
135 0.00410069
136 0.00403848
137 0.00411792
138 0.00409616
139 0.00407797
140 0.00419663
141 0.00409281
142 0.0040849
143 0.00411774
144 0.0040459
145 0.00410861
146 0.00414632
147 0.00407744
148 0.00410869
149 0.00413604
150 0.00407054
151 0.00409897
152 0.00404849
153 0.00410674
154 0.00407308
155 0.00428119
156 0.0041505
157 0.00416138
158 0.00413862
159 0.00413975
160 0.00427218
161 0.0041724
162 0.00418009
163 0.00426635
164 0.00406447
165 0.00404195
166 0.00408679
167 0.00414229
168 0.00409758
169 0.00410271
170 0.0040553
171 0.00409922
172 0.00408252
173 0.00410967
174 0.00397932
175 0.00413446
176 0.00412142
177 0.00413145
178 0.00418877
179 0.00409501
180 0.00419666
181 0.00413091
182 0.00424255
183 0.00418862
184 0.00412928
185 0.0041225
186 0.00413736
187 0.00404898
188 0.00408182
189 0.00411802
190 0.00417336
191 0.0040287
192 0.0041229
193 0.00413267
194 0.00410976
195 0.00401715
196 0.00425975
197 0.00402721
198 0.00411068
199 0.00401368
200 0.00417106
201 0.0041859
202 0.00412972
203 0.00405316
204 0.00403891
205 0.00394735
206 0.00410453
207 0.00425903
208 0.0043254
209 0.00407379
210 0.00418201
211 0.0042228
212 0.00420397
213 0.00409094
214 0.00414418
215 0.00408699
216 0.00404808
217 0.00415626
218 0.00405366
219 0.0039578
220 0.00410049
221 0.00414152
222 0.00410929
223 0.00416631
224 0.00410881
225 0.00409479
226 0.00411703
227 0.00404754
228 0.00412477
229 0.00418153
230 0.00401323
231 0.00425859
232 0.0040032
233 0.00412051
234 0.00412494
235 0.00416031
236 0.0042136
237 0.00415827
238 0.00408248
239 0.00400038
240 0.00429853
241 0.00409806
242 0.00411552
243 0.00406088
244 0.0040962
245 0.00402169
246 0.00416529
247 0.00403021
248 0.00416667
249 0.00405869
250 0.00418543
251 0.00411477
252 0.00398576
253 0.00414683
254 0.00422568
255 0.00396862
256 0.00418921
257 0.00407794
258 0.00400899
259 0.00398251
260 0.00407402
261 0.00409651
262 0.00419351
263 0.00403309
264 0.0041935
265 0.0041267
266 0.00414668
267 0.00413574
268 0.00397361
269 0.00419692
270 0.00403763
271 0.00413885
272 0.00392283
273 0.00424834
274 0.00402753
275 0.00402769
276 0.00410611
277 0.00414607
278 0.00402923
279 0.00425342
280 0.0042512
281 0.00393369
282 0.00402386
283 0.00411448
284 0.00409798
285 0.00423737
286 0.00408
287 0.00397117
288 0.00397
289 0.00400987
290 0.0041055
291 0.00411207
292 0.0042331
293 0.00412667
294 0.00416578
295 0.0040397
296 0.00400999
297 0.00418216
298 0.00418028
299 0.00403935
300 0.0041234
301 0.00417363
302 0.00412795
303 0.00418093
304 0.00410883
305 0.00401249
306 0.0039955
307 0.00407196
308 0.00404423
309 0.00413958
310 0.00416855
311 0.00407047
312 0.00423237
313 0.00413952
314 0.00420809
315 0.00412264
316 0.00399456
317 0.00414418
318 0.00400387
319 0.00410802
320 0.00428966
321 0.00398523
322 0.00417357
323 0.00402528
324 0.00412495
325 0.00391974
326 0.00423599
327 0.00422023
328 0.00424639
329 0.00401983
330 0.00398756
331 0.00421437
332 0.00413177
333 0.00426561
334 0.00407554
335 0.00408542
336 0.00401849
337 0.0041024
338 0.00407831
339 0.00424388
340 0.00391955
341 0.00417703
342 0.00422169
343 0.00413698
344 0.0040596
345 0.00414876
346 0.00391119
347 0.00424
348 0.00403774
349 0.00409529
350 0.00404138
351 0.0041362
352 0.00421305
353 0.00398387
354 0.00417987
355 0.00409306
356 0.00406365
357 0.0040582
358 0.00394884
359 0.0042686
360 0.00406469
361 0.00409626
362 0.00424725
363 0.0041348
364 0.00413103
365 0.00405353
366 0.00418681
367 0.00408066
368 0.0039993
369 0.00396769
370 0.00418378
371 0.00416992
372 0.00417598
373 0.00389819
374 0.0040878
375 0.00392938
376 0.00412572
377 0.00414076
378 0.0040777
379 0.00411715
380 0.00408387
381 0.00430665
382 0.00406518
383 0.00392715
384 0.0040733
385 0.00410124
386 0.00402524
387 0.00421462
388 0.00395036
389 0.00415769
390 0.00408442
391 0.00410834
392 0.00401802
393 0.00410305
394 0.00401179
395 0.00417553
396 0.00407666
397 0.00430594
398 0.0041079
399 0.00387933
400 0.00425283
401 0.00396109
402 0.00395774
403 0.00399571
404 0.00393315
405 0.00413763
406 0.00410158
407 0.00389704
408 0.00385755
409 0.00421236
410 0.00405056
411 0.00423699
412 0.0039761
413 0.00418674
414 0.004092
415 0.00409885
416 0.00429457
417 0.00400673
418 0.00408466
419 0.00425094
420 0.00410575
421 0.00387327
422 0.00419137
423 0.00415444
424 0.00403239
425 0.00415087
426 0.0038302
427 0.00395578
428 0.00424092
429 0.00419453
430 0.00411996
431 0.0040869
432 0.00399752
433 0.00394279
434 0.00420973
435 0.00385877
436 0.00404004
437 0.00405304
438 0.00414132
439 0.00408044
440 0.00423177
441 0.00406973
442 0.00399379
443 0.0041298
444 0.00416119
445 0.00407626
446 0.0041387
447 0.00422697
448 0.00420688
449 0.00397544
450 0.00404696
451 0.00415355
452 0.00390945
453 0.00395355
454 0.00422972
455 0.00420491
456 0.00416861
457 0.00403176
458 0.00418839
459 0.00409273
460 0.00406261
461 0.00421652
462 0.00407474
463 0.00400684
464 0.0038901
465 0.00416253
466 0.00405835
467 0.00406028
468 0.004267
469 0.00411732
470 0.00388175
471 0.00412843
472 0.00421439
473 0.00405246
474 0.00418413
475 0.00418866
476 0.00409572
477 0.00407793
478 0.00393652
479 0.00400324
480 0.00407352
481 0.00393595
482 0.00402643
483 0.00406478
484 0.00427067
485 0.00414757
486 0.00409001
487 0.00382834
488 0.00396065
489 0.00425548
490 0.00407422
491 0.00407792
492 0.00422154
493 0.0041617
494 0.00390966
495 0.00401199
496 0.0041718
497 0.0040471
498 0.00414651
499 0.00407549
500 0.00448301
501 0.00417532
502 0.00406224
503 0.0040092
504 0.00386535
505 0.00413312
506 0.00415193
507 0.00410778
508 0.00422688
509 0.00412436
510 0.00397015
511 0.00415186
512 0.00425575
513 0.00398026
514 0.00382434
515 0.00416745
516 0.00424565
517 0.00414826
518 0.00398887
519 0.00409175
520 0.00396076
521 0.00401563
522 0.00416279
523 0.00405776
524 0.00396309
525 0.00403704
526 0.00416178
527 0.00415882
528 0.00420812
529 0.0039077
530 0.00389869
531 0.00417121
532 0.00410966
533 0.00412382
534 0.00425091
535 0.00438828
536 0.00384002
537 0.0038957
538 0.00407927
539 0.00397765
540 0.00403242
541 0.00402087
542 0.00413142
543 0.00418143
544 0.00412532
545 0.00412781
546 0.00392576
547 0.00394105
548 0.00417543
549 0.00392197
550 0.00391842
551 0.00424407
552 0.00397798
553 0.0042104
554 0.00433119
555 0.00422411
556 0.00390305
557 0.0038993
558 0.00420068
559 0.00410817
560 0.00411862
561 0.0040286
562 0.0040389
563 0.004228
564 0.00413418
565 0.0040423
566 0.0040394
567 0.00401866
568 0.00405539
569 0.00400158
570 0.00410208
571 0.00402523
572 0.00414043
573 0.00400465
574 0.00407215
575 0.00405523
576 0.00412413
577 0.0041391
578 0.00390318
579 0.00392227
580 0.00410339
581 0.00430058
582 0.00409288
583 0.00388362
584 0.00427364
585 0.00407321
586 0.00413884
587 0.00394232
588 0.00417418
589 0.00401038
590 0.00403512
591 0.00412074
592 0.00403491
593 0.00396766
594 0.00410417
595 0.00425512
596 0.00425379
597 0.00407959
598 0.00405667
599 0.0039236
600 0.00410405
601 0.00425085
602 0.00400543
603 0.004002
604 0.00406249
605 0.00421985
606 0.00418752
607 0.00409488
608 0.00400671
609 0.00405584
610 0.00408111
611 0.00408613
612 0.00401579
613 0.00420982
614 0.00401055
615 0.00410635
616 0.00406606
617 0.00425247
618 0.00424093
619 0.00434712
620 0.00422709
621 0.00416019
622 0.00397847
623 0.0040022
624 0.00426145
625 0.00408771
626 0.00426604
627 0.00418342
628 0.00408079
629 0.00396268
630 0.0039498
631 0.00420951
632 0.00398168
633 0.00423954
634 0.00431319
635 0.00425838
636 0.00399335
637 0.00418799
638 0.00377275
639 0.00384224
640 0.00420626
641 0.00396072
642 0.00407954
643 0.00415161
644 0.00419826
645 0.00397372
646 0.00397868
647 0.00421267
648 0.00404404
649 0.00409438
650 0.00378599
651 0.0039626
652 0.00420695
653 0.00406186
654 0.00425749
655 0.00394628
656 0.00420219
657 0.00405543
658 0.00399136
659 0.00415034
660 0.00406111
661 0.00406744
662 0.00393296
663 0.00395179
664 0.00419576
665 0.00420315
666 0.00418875
667 0.00407248
668 0.00406805
669 0.00406981
670 0.00397116
671 0.00416068
672 0.00417381
673 0.00401553
674 0.00392479
675 0.00389256
676 0.00398732
677 0.00414285
678 0.00402686
679 0.00389066
680 0.00391611
681 0.0040769
682 0.00435922
683 0.00433402
684 0.00432712
685 0.00422559
686 0.0038002
687 0.00387829
688 0.0039672
689 0.00411569
690 0.00425747
691 0.00436548
692 0.00400532
693 0.0039528
694 0.00397769
695 0.00396583
696 0.00392477
697 0.00425055
698 0.00436086
699 0.00421462
700 0.0039596
701 0.00377667
702 0.00396863
703 0.0039428
704 0.0043033
705 0.00422628
706 0.00413663
707 0.00422589
708 0.00425019
709 0.00411737
710 0.00408042
711 0.00412282
712 0.00400618
713 0.00407296
714 0.00411009
715 0.00409837
716 0.00401236
717 0.0040522
718 0.00414617
719 0.00405345
720 0.00413106
721 0.00409599
722 0.00416456
723 0.0041039
724 0.00413487
725 0.00415159
726 0.00404448
727 0.00416343
728 0.00414459
729 0.00417105
730 0.00422237
731 0.00414891
732 0.00417823
733 0.00398525
734 0.00383785
735 0.00389846
736 0.00372278
737 0.00405779
738 0.00397502
739 0.00429119
740 0.00432054
741 0.00417313
742 0.00419827
743 0.0038713
744 0.00393014
745 0.00387811
746 0.00396944
747 0.00426246
748 0.00423017
749 0.00419024
750 0.00423502
751 0.0041425
752 0.00400568
753 0.00404062
754 0.00417349
755 0.00395701
756 0.00385625
757 0.00404514
758 0.00396346
759 0.00406538
760 0.00408508
761 0.00429288
762 0.00434432
763 0.00417255
764 0.00396568
765 0.0039731
766 0.00406615
767 0.00393723
768 0.00423608
769 0.00417297
770 0.00405964
771 0.00406987
772 0.00389052
773 0.00402904
774 0.00401784
775 0.00423805
776 0.00400721
777 0.00379194
778 0.00410157
779 0.00409828
780 0.00413031
781 0.00412392
782 0.00404961
783 0.00391566
784 0.00384212
785 0.00394926
786 0.00392377
787 0.00400924
788 0.0041254
789 0.00417892
790 0.00406888
791 0.004043
792 0.00388424
793 0.00379367
794 0.00408562
795 0.0044409
796 0.00427565
797 0.00416666
798 0.00410441
799 0.00414418
800 0.00407875
801 0.00389139
802 0.00400134
803 0.00417954
804 0.00413299
805 0.00403933
806 0.00386681
807 0.00366913
808 0.00383216
809 0.00412237
810 0.00436276
811 0.00420657
812 0.0044373
813 0.00449585
814 0.00417748
815 0.00406071
816 0.00402127
817 0.00423266
818 0.00417086
819 0.00392003
820 0.00400849
821 0.00407752
822 0.00418006
823 0.00392711
824 0.00415867
825 0.00417709
826 0.0042313
827 0.00430905
828 0.00412393
829 0.00395757
830 0.00402401
831 0.00409298
832 0.00419263
833 0.00408337
834 0.0040192
835 0.00410643
836 0.00401945
837 0.00417771
838 0.00436502
839 0.00422778
840 0.00428975
841 0.00424504
842 0.00405719
843 0.00398649
844 0.00410209
845 0.0041582
846 0.00406662
847 0.00418052
848 0.00410928
849 0.00423746
850 0.00441651
851 0.00427586
852 0.00415
853 0.00421482
854 0.00419091
855 0.00427918
856 0.00412191
857 0.00387346
858 0.00395245
859 0.00402513
860 0.00419555
861 0.00407558
862 0.00413128
863 0.0042533
864 0.00388618
865 0.00387715
866 0.00377344
867 0.00389704
868 0.00424423
869 0.00427545
870 0.00425109
871 0.00441301
872 0.00431334
873 0.00422422
874 0.00419471
875 0.00414336
876 0.00411614
877 0.00412311
878 0.00394998
879 0.00395139
880 0.00407189
881 0.00427361
882 0.00422087
883 0.00413032
884 0.00407617
885 0.00428053
886 0.00422261
887 0.00431379
888 0.00404604
889 0.00380743
890 0.00385546
891 0.00383166
892 0.0039221
893 0.00398313
894 0.00411791
895 0.00417401
896 0.0040831
897 0.00392453
898 0.00395572
899 0.00380317
900 0.00394349
901 0.00417352
902 0.00415685
903 0.00405104
904 0.00413097
905 0.00410335
906 0.00399896
907 0.00399209
908 0.00392814
909 0.00407354
910 0.00411001
911 0.00408077
912 0.00424586
913 0.0043159
914 0.00415416
915 0.00412754
916 0.0040371
917 0.00393242
918 0.00386063
919 0.00392431
920 0.00387149
921 0.00419163
922 0.00418283
923 0.00427899
924 0.00414739
925 0.00407424
926 0.00392223
927 0.00399542
928 0.00382329
929 0.0039323
930 0.0040044
931 0.00410076
932 0.00418113
933 0.00407383
934 0.0043379
935 0.00427774
936 0.00421673
937 0.00412091
938 0.00386487
939 0.00401716
940 0.00383345
941 0.00400777
942 0.00417396
943 0.00426825
944 0.00416459
945 0.00416786
946 0.00407275
947 0.00393415
948 0.00398652
949 0.00401104
950 0.00415006
951 0.00448389
952 0.00431238
953 0.00433699
954 0.00424805
955 0.00403878
956 0.0041046
957 0.00391039
958 0.00371308
959 0.00394571
960 0.00403872
961 0.00401867
962 0.00400768
963 0.00421084
964 0.00420454
965 0.00413855
966 0.00413154
967 0.00406024
968 0.00397555
969 0.00385719
970 0.00404606
971 0.00395325
972 0.00388282
973 0.00414678
974 0.00395682
975 0.00382698
976 0.00394993
977 0.00417192
978 0.004157
979 0.00403176
980 0.00428552
981 0.00422772
982 0.00405403
983 0.00419691
984 0.00438609
985 0.00430852
986 0.0043561
987 0.00410489
988 0.00410544
989 0.0041788
990 0.00407945
991 0.00413452
992 0.00429103
993 0.00430824
994 0.00426707
995 0.00400523
996 0.00414886
997 0.00411236
998 0.00406995
999 0.00435972
1000 0.0042704
